mtx=array([[190.56261686,   0.        , 206.62170801],
       [  0.        , 190.20140236, 155.12015294],
       [  0.        ,   0.        ,   1.        ]])




dist=array([[ 0.19052906, -0.39103494,  0.00638016,  0.00938984,  0.15680127]])


rvecs=(array([[-0.65745955],
        [-0.2790104 ],
        [ 2.99893696]]),
 array([[-0.27729088],
        [ 0.19843379],
        [ 1.58741577]]),
 array([[-0.02166817],
        [ 0.55003512],
        [ 1.80608751]]),
 array([[0.88477217],
        [0.29812903],
        [0.0641543 ]]),
 array([[-0.65647106],
        [-0.20765131],
        [ 1.28063641]]),
 array([[ 0.52737503],
        [-0.02027128],
        [ 0.03457457]]),
 array([[0.185644  ],
        [1.09094064],
        [0.30980447]]),
 array([[ 0.19755718],
        [-0.11419018],
        [-0.02381302]]),
 array([[-0.38147193],
        [-0.15895456],
        [ 0.95928795]]),
 array([[-0.25412712],
        [-0.79467207],
        [ 1.43159114]]),
 array([[-0.19544535],
        [-0.7234296 ],
        [ 1.45775893]]),
 array([[ 0.36579201],
        [-0.48148872],
        [-0.07889728]]),
 array([[-1.29403424],
        [-0.42582673],
        [ 2.71456832]]),
 array([[-0.0546134 ],
        [-0.0490659 ],
        [ 1.59051811]]),
 array([[-0.04381522],
        [ 0.16881263],
        [ 0.21183347]]),
 array([[0.54351378],
        [1.04049882],
        [1.95288923]]),
 array([[-0.1000861 ],
        [ 0.92848719],
        [ 0.41272241]]),
 array([[0.25010089],
        [0.76778835],
        [0.24874533]]),
 array([[-0.00857526],
        [ 0.08133754],
        [ 1.68262573]]),
 array([[ 0.04896856],
        [ 0.10048272],
        [-3.06544117]]),
 array([[-0.84822884],
        [-0.76949937],
        [ 2.88255445]]),
 array([[ 1.12703059],
        [-0.06389379],
        [ 0.0048146 ]]),
 array([[-0.19768242],
        [-0.01072247],
        [ 0.02412063]]),
 array([[-0.23498142],
        [-0.25361974],
        [ 0.07938639]]),
 array([[ 0.20534988],
        [-0.11741586],
        [ 1.62326366]]),
 array([[-0.43557309],
        [ 0.46900377],
        [ 2.80293449]]),
 array([[ 0.26367462],
        [-0.04227395],
        [ 0.10252253]]),
 array([[ 1.30748039],
        [ 1.2724918 ],
        [-2.38730118]]),
 array([[-0.65876199],
        [ 0.08875061],
        [ 2.70502407]]),
 array([[ 0.07083301],
        [-0.4442831 ],
        [ 1.49822039]]),
 array([[ 0.63678491],
        [-0.70816233],
        [ 1.51017348]]))
        
        
        
tvecs=(array([[ 1.14463401],
        [ 4.1151243 ],
        [17.68821553]]),
 array([[ 2.84770791],
        [-1.22952904],
        [15.13339271]]),
 array([[ 5.44071131],
        [-1.81969897],
        [14.42654956]]),
 array([[-0.08064181],
        [-6.19860891],
        [11.04669411]]),
 array([[ 0.28595987],
        [-2.71808465],
        [16.67721554]]),
 array([[-5.14082829],
        [-4.52235504],
        [19.60446169]]),
 array([[ 4.4186799 ],
        [-2.96203787],
        [18.04352456]]),
 array([[-2.015384  ],
        [-5.78313886],
        [12.65167712]]),
 array([[-1.42916635],
        [-6.28468817],
        [14.00410883]]),
 array([[ -3.45274943],
        [-12.93306139],
        [ 28.92091323]]),
 array([[-2.82257012],
        [-6.06225232],
        [11.55819858]]),
 array([[-6.95002567],
        [-4.15363988],
        [ 7.22478042]]),
 array([[-5.31811903],
        [ 2.50906972],
        [18.31052415]]),
 array([[ 3.03922003],
        [-4.74246973],
        [ 9.00900178]]),
 array([[ 10.26288222],
        [-11.35829455],
        [ 31.79278939]]),
 array([[ 6.55450362],
        [-0.82010871],
        [11.83037772]]),
 array([[ 1.90851511],
        [-2.10931912],
        [18.80430386]]),
 array([[-0.07896084],
        [-2.86729096],
        [18.55852916]]),
 array([[ 5.82716842],
        [-4.65696531],
        [ 8.69972282]]),
 array([[ 3.87203005],
        [ 1.68132824],
        [10.73590065]]),
 array([[-1.88443943],
        [-0.54368847],
        [24.24589668]]),
 array([[-4.04458958],
        [-6.80863153],
        [12.28260567]]),
 array([[ -3.5347293 ],
        [-12.28938999],
        [ 34.20051705]]),
 array([[-4.8342911 ],
        [-2.28643498],
        [17.66974588]]),
 array([[ 8.99920579],
        [-7.04866639],
        [12.0106898 ]]),
 array([[ 1.9840354 ],
        [-0.30410727],
        [14.00892638]]),
 array([[-4.93852072],
        [-2.0626534 ],
        [16.54370166]]),
 array([[-4.08905205],
        [-0.73370202],
        [15.71760714]]),
 array([[ 0.06789149],
        [ 2.16770488],
        [12.77451261]]),
 array([[  1.60286965],
        [-16.0137403 ],
        [ 25.73786685]]),
 array([[ 2.77092689],
        [-6.87928857],
        [11.87339277]]))
