mtx=array([[181.54155522,   0.        , 195.04511317],
       [  0.        , 224.28018129,  91.13474359],
       [  0.        ,   0.        ,   1.        ]])
       
dist=array([[ 0.35996354, -0.15227399, -0.19329627, -0.00683872,  0.03594484]])


rvecs=(array([[-0.37249977],
        [ 0.02951144],
        [ 3.11414838]]),
 array([[-0.08068311],
        [ 1.09949401],
        [ 0.04942675]]),
 array([[-0.92558248],
        [ 0.11063858],
        [ 2.92161853]]),
 array([[-1.6741517 ],
        [ 0.0893031 ],
        [ 2.51571729]]),
 array([[-0.06921815],
        [ 0.30306438],
        [-0.03083034]]),
 array([[0.52451938],
        [1.1136586 ],
        [1.49751909]]),
 array([[0.27167758],
        [0.74418691],
        [1.54733473]]),
 array([[-1.06289697],
        [-0.53745212],
        [ 1.28004355]]),
 array([[ 0.36042043],
        [-0.86069054],
        [-1.55125011]]),
 array([[-0.10892022],
        [ 0.4013271 ],
        [ 1.53397757]]),
 array([[-0.60685274],
        [ 0.51103427],
        [ 1.53460272]]),
 array([[0.65745585],
        [0.87785908],
        [1.62009494]]),
 array([[-0.46375327],
        [ 0.46799804],
        [ 1.50567353]]))
        
tvecs=(array([[ 1.14463401],
        [ 4.1151243 ],
        [17.68821553]]),
 array([[ 2.84770791],
        [-1.22952904],
        [15.13339271]]),
 array([[ 5.44071131],
        [-1.81969897],
        [14.42654956]]),
 array([[-0.08064181],
        [-6.19860891],
        [11.04669411]]),
 array([[ 0.28595987],
        [-2.71808465],
        [16.67721554]]),
 array([[-5.14082829],
        [-4.52235504],
        [19.60446169]]),
 array([[ 4.4186799 ],
        [-2.96203787],
        [18.04352456]]),
 array([[-2.015384  ],
        [-5.78313886],
        [12.65167712]]),
 array([[-1.42916635],
        [-6.28468817],
        [14.00410883]]),
 array([[ -3.45274943],
        [-12.93306139],
        [ 28.92091323]]),
 array([[-2.82257012],
        [-6.06225232],
        [11.55819858]]),
 array([[-6.95002567],
        [-4.15363988],
        [ 7.22478042]]),
 array([[-5.31811903],
        [ 2.50906972],
        [18.31052415]]),
 array([[ 3.03922003],
        [-4.74246973],
        [ 9.00900178]]),
 array([[ 10.26288222],
        [-11.35829455],
        [ 31.79278939]]),
 array([[ 6.55450362],
        [-0.82010871],
        [11.83037772]]),
 array([[ 1.90851511],
        [-2.10931912],
        [18.80430386]]),
 array([[-0.07896084],
        [-2.86729096],
        [18.55852916]]),
 array([[ 5.82716842],
        [-4.65696531],
        [ 8.69972282]]),
 array([[ 3.87203005],
        [ 1.68132824],
        [10.73590065]]),
 array([[-1.88443943],
        [-0.54368847],
        [24.24589668]]),
 array([[-4.04458958],
        [-6.80863153],
        [12.28260567]]),
 array([[ -3.5347293 ],
        [-12.28938999],
        [ 34.20051705]]),
 array([[-4.8342911 ],
        [-2.28643498],
        [17.66974588]]),
 array([[ 8.99920579],
        [-7.04866639],
        [12.0106898 ]]),
 array([[ 1.9840354 ],
        [-0.30410727],
        [14.00892638]]),
 array([[-4.93852072],
        [-2.0626534 ],
        [16.54370166]]),
 array([[-4.08905205],
        [-0.73370202],
        [15.71760714]]),
 array([[ 0.06789149],
        [ 2.16770488],
        [12.77451261]]),
 array([[  1.60286965],
        [-16.0137403 ],
        [ 25.73786685]]),
 array([[ 2.77092689],
        [-6.87928857],
        [11.87339277]]))
